1104292
3459
2416
2750
2375
2209
2458
2792
1958
2666
2375
1958
2208
2167
2292
2292
2084
2500
2542
2667
2417
3084
2125
2709
2375
2500
2417
2292
2375
2625
2500
2542
4417
2583
2916
2208
2459
2625
2500
2083
2334
2125
2459
2542
2375
2542
2000
2583
2417
2542
2459
2500
2334
2542
2125
2500
1917
2500
2417
6542
2000
2750
2917
2042
2292
2459
2333
2458
2625
2500
2083
2416
2166
2416
2375
2875
2292
2666
2375
2375
20834
9209
20417
8500
6583
6625
5625
4500
5709
32417
8917
5375
6416
5333
6250
6791
5292
5500
19542
6292
6583
6250
31375
6417
15458
6208
5833
6041
5750
6417
5250
5542
5166
6042
14416
4792
5834
6375
7458
6000
4458
7625
5834
5167
5125
4708
5500
8542
4666
5917
5292
5708
4958
6542
6084
5875
4250
5416
5583
6083
5000
5041
3917
5167
4500
5792
7041
6083
4708
6250
5208
6083
5375
5959
4959
6125
4750
5084
5791
5750
5292
5958
4875
6584
5417
5500
6000
6333
4375
5250
12334
5125
5250
24833
4958
3583
2083
1834
3208
2666
3291
2791
3041
2833
2667
2917
2458
2875
3083
2708
2458
2125
2208
2667
2417
2459
5083
2541
2541
2125
2167
2083
3291
2416
2416
2500
2375
2292
2292
2125
2666
2458
2334
2708
2041
2041
2500
3083
2500
2167
2375
2125
2875
2667
2208
2875
2417
2209
2416
2583
2042
2917
2708
2500
2708
2500
2291
2416
2500
2333
2125
2167
2583
2625
2042
3083
2416
2625
2167
2625
2084
2458
2333
2583
1917
3458
2833
2625
2083
2584
2167
2375
2917
2375
2125
2459
2083
4583
11333
958
917
959
708
833
834
958
791
958
2250
792
917
875
958
709
667
834
1167
1416
1166
750
917
917
792
792
625
1125
708
792
834
917
709
834
792
875
750
667
834
792
667
917
750
750
667
833
625
958
791
833
792
875
875
750
667
750
791
625
833
708
625
833
750
833
917
1083
834
666
667
792
917
1000
750
666
500
708
708
1084
1000
833
708
667
3542
875
666
791
958
1000
750
792
583
2125
958
708
750
875
625
875
750
792
500
834
750
625
750
667
833
791
666
958
750
750
750
708
750
583
625
833
708
834
750
667
750
833
708
750
708
750
666
708
584
750
959
792
750
834
917
625
750
791
708
917
834
667
625
792
875
750
667
833
875
708
750
709
708
750
583
750
750
625
666
708
750
791
625
750
667
792
667
584
667
750
709
2042
750
10542
625
709
1000
750
583
708
708
709
750
834
709
750
500
791
916
750
667
750
667
750
625
750
792
667
541
708
584
792
708
791
583
625
666
708
834
750
583
625
791
958
625
791
708
750
708
709
667
667
625
666
625
708
625
750
792
875
666
625
708
750
750
625
792
625
709
666
791
625
917
708
625
667
625
709
583
708
584
625
708
2000
625
750
750
542
667
750
750
750
791
833
625
791
541
750
1000
709
708
708
750
1000
625
792
667
792
667
709
834
750
584
875
667
834
667
709
708
666
584
708
666
625
708
708
709
792
709
709
667
667
417
708
666
666
583
709
667
833
625
667
708
750
667
667
708
709
708
791
750
625
584
625
667
667
709
708
708
625
625
667
709
917
625
1875
667
667
667
667
667
667
750
625
667
667
583
625
792
708
666
708
709
625
584
1000
709
708
583
875
666
708
583
667
625
708
625
541
625
625
416
666
666
666
541
708
500
833
625
708
750
708
667
667
833
708
542
667
708
708
667
709
667
708
583
750
708
708
708
750
708
750
584
667
750
667
709
708
500
750
709
750
750
625
667
750
625
1917
625
750
750
750
625
750
708
625
625
667
667
708
625
708
667
542
709
625
667
708
584
583
666
583
584
625
667
625
666
583
667
708
583
875
709
667
750
666
666
708
583
834
667
708
708
791
583
709
625
709
1000
750
625
875
709
667
542
1000
625
666
625
625
625
875
583
708
750
708
667
750
583
666
625
583
666
625
542
708
666
667
584
1875
625
708
583
667
584
667
625
584
667
667
583
708
666
666
500
667
834
792
750
833
792
709
708
708
750
708
667
792
750
500
667
584
667
750
875
750
750
791
708
709
792
792
959
667
2584
667
625
792
750
583
750
708
750
666
625
834
625
750
708
750
750
750
667
709
750
666
625
750
708
792
834
625
791
833
667
1917
792
708
500
750
1041
708
709
750
750
666
666
750
667
708
708
709
625
666
708
542
709
708
708
750
708
667
709
792
667
708
708
709
708
667
625
584
667
667
625
750
792
625
542
792
542
709
708
666
625
625
584
750
625
750
667
667
792
959
625
1000
625
709
458
708
583
667
625
750
667
583
709
708
625
708
708
625
583
667
625
708
667
2000
625
792
708
625
625
667
584
750
500
625
625
750
666
709
583
708
625
750
750
625
666
583
667
709
667
750
417
667
625
667
708
625
583
709
667
1042
625
750
708
708
667
667
667
667
625
750
667
709
583
541
708
750
583
667
709
667
667
708
708
750
750
791
708
667
667
625
875
625
667
667
709
875
584
625
666
708
709
583
666
666
625
1959
667
708
542
833
708
542
583
708
709
708
625
667
708
958
625
708
584
708
667
667
667
625
625
583
666
666
666
541
791
667
417
917
750
791
708
834
750
750
833
791
875
625
709
667
750
667
709
792
792
750
667
750
583
666
750
708
708
667
667
709
708
791
625
792
667
4833
750
625
708
708
666
708
709
708
666
666
666
750
667
709
1000
2125
666
625
708
708
583
709
667
667
625
666
666
625
625
666
750
667
667
708
666
833
542
709
708
666
625
667
708
708
666
750
625
667
459
708
583
667
625
750
709
750
625
708
708
666
625
667
583
708
750
625
667
709
667
708
625
708
542
667
625
667
583
667
625
666
583
709
625
625
625
667
667
625
667
708
667
750
583
750
708
708
750
1958
584
667
667
750
542
958
750
625
750
708
709
750
625
1041
666
708
667
625
625
667
667
708
541
667
625
709
459
750
667
750
666
750
625
791
625
792
750
500
583
667
750
750
583
750
708
667
625
667
625
625
625
708
584
625
667
708
708
625
625
750
875
708
667
750
625
542
667
667
708
583
709
667
625
625
583
625
625
709
625
625
666
2208
584
667
625
667
667
666
666
666
666
666
708
667
667
1000
666
666
625
667
750
666
500
666
625
625
667
625
625
625
667
667
584
792
584
834
583
666
583
666
625
625
542
667
667
834
667
1042
833
792
667
708
750
708
666
875
667
750
584
750
750
792
542
750
625
750
625
750
750
708
667
708
667
750
583
541
708
791
666
708
709
417
667
5042
708
23333
3333
2625
2875
2875
2375
2459
28041
1417
1083
916
750
1042
833
916
791
708
667
791
917
1750
667
750
791
750
750
917
917
792
625
750
708
917
583
833
833
584
667
792
667
750
666
750
667
708
625
750
667
667
709
750
708
667
667
750
750
750
625
708
708
834
750
708
750
750
709
750
666
625
667
708
541
708
1125
750
667
708
625
667
667
2708
666
666
625
583
708
709
792
750
750
666
708
709
750
709
583
1041
708
791
708
625
666
791
791
666
583
708
667
875
875
708
666
666
666
791
666
500
667
750
750
750
709
500
709
667
750
750
708
709
583
666
583
709
1083
708
708
667
667
709
708
666
708
667
750
708
667
708
750
708
584
750
834
667
708
666
708
750
625
708
666
750
750
2125
708
583
625
708
625
666
750
708
708
709
583
666
666
667
667
667
625
791
583
666
708
709
708
1042
708
791
625
667
667
792
667
750
708
667
834
708
625
667
708
791
625
667
583
625
750
542
666
625
667
708
541
750
417
917
709
833
750
708
666
750
750
709
667
708
708
667
625
833
500
666
708
542
709
750
584
708
708
708
667
750
541
2458
625
667
750
750
666
666
708
625
625
708
916
666
625
708
708
750
625
709
4542
583
708
750
666
583
750
666
666
750
750
667
708
625
542
750
750
708
709
750
667
709
667
1000
708
667
667
666
666
708
625
666
625
667
625
917
667
625
458
667
667
334
667
709
625
667
625
541
875
709
708
708
708
625
666
666
625
583
583
875
667
708
2041
708
750
750
458
667
750
666
625
750
625
625
459
667
625
666
583
709
708
708
666
708
667
750
625
667
709
667
667
667
667
709
667
667
667
750
625
667
583
750
667
709
750
542
625
667
750
708
625
667
667
959
625
667
709
709
625
709
750
667
667
459
750
625
666
625
667
750
667
667
584
667
583
791
625
666
666
625
625
625
541
625
2208
708
666
708
625
1083
625
625
792
625
875
666
666
708
625
666
708
708
625
666
875
667
625
625
583
625
583
666
583
917
542
709
667
708
583
750
583
625
541
625
667
709
667
667
625
625
500
625
625
583
583
750
583
667
834
7208
1292
959
750
792
625
708
542
792
792
709
750
750
750
667
625
834
708
750
708
750
792
583
666
791
666
666
2416
791
667
792
708
708
750
666
750
750
667
542
542
750
791
792
583
625
625
792
417
625
750
667
708
625
667
625
625
708
750
750
750
709
792
708
2041
708
709
750
667
625
667
667
583
750
709
708
667
667
625
792
625
708
667
792
625
666
666
791
625
667
667
750
667
750
708
834
583
750
667
625
625
709
667
750
834
667
834
708
666
791
4666
708
667
750
625
750
667
708
584
667
667
708
750
708
709
792
750
667
625
625
625
792
834
750
666
791
500
875
708
834
625
709
667
708
750
667
792
708
750
625
708
750
666
666
666
708
584
917
583
708
709
708
708
709
708
750
625
709
625
750
792
584
667
708
708
834
1125
750
750
708
708
750
667
750
750
541
750
708
541
625
792
708
2041
750
667
625
625
750
708
4417
14167
3167
2250
2959
2333
2583
1833
2625
1708
5208
2375
2666
2375
2500
1875
1792
2250
2250
2083
1583
1833
2167
2250
18208
1083
1084
875
959
1208
958
5875
1333
959
917
750
875
791
875
750
625
708
542
792
750
3125
625
792
2375
791
708
875
667
625
916
583
750
583
5000
791
708
708
958
875
708
625
875
750
708
750
750
792
3792
625
666
3125
750
791
708
792
708
541
583
750
750
834
3708
875
833
708
792
1208
625
708
666
791
666
666
750
4958
833
667
750
625
708
625
667
708
708
750
791
625
667
625
667
4042
1042
709
708
750
917
625
750
666
708
709
875
666
625
542
4667
792
875
750
667
667
1500
666
625
792
625
625
709
4958
708
708
750
875
667
709
667
625
584
708
666
666
666
2250
667
708
667
625
792
792
709
3500
709
625
750
583
750
708
667
667
750
666
583
708
875
709
667
4250
750
750
750
625
791
708
625
625
667
625
791
666
792
709
750
709
792
625
625
583
667
667
750
958
792
750
666
625
667
833
750
625
750
750
708
666
750
1000
709
583
667
709
750
709
792
708
792
708
709
709
667
833
791
708
750
625
834
1917
792
625
625
666
791
791
1000
709
708
583
625
791
625
750
709
625
625
625
667
750
750
708
791
708
709
708
500
667
708
583
666
625
625
834
750
709
667
750
791
708
667
667
792
667
708
584
750
625
667
625
667
750
708
709
792
750
750
542
708
666
625
542
709
625
625
666
750
667
709
667
708
666
667
625
750
583
666
791
583
625
667
2125
750
833
1000
625
792
750
791
625
792
709
667
750
709
708
750
667
709
583
708
667
709
750
750
750
791
625
750
625
791
500
750
584
750
625
708
667
750
708
667
709
750
792
750
708
791
666
750
625
709
709
667
708
750
709
708
708
750
625
708
541
708
709
708
583
709
667
750
750
750
750
666
666
667
750
709
833
792
4917
792
583
708
2042
709
750
709
667
750
709
625
834
750
667
791
666
750
625
709
708
750
709
792
709
708
583
667
709
1000
667
625
667
709
625
875
666
666
625
792
708
667
584
667
667
667
667
667
625
666
666
708
708
709
667
708
708
667
625
666
625
750
708
625
750
709
667
667
708
708
666
583
666
750
583
666
666
708
792
791
625
667
542
667
625
709
2083
708
750
709
583
625
583
666
583
709
708
666
625
708
667
792
667
625
666
583
792
667
625
666
625
667
667
4667
542
709
667
708
583
750
625
708
625
708
625
708
541
666
666
625
833
666
3042
708
666
708
625
666
541
666
750
708
708
625
667
709
625
750
666
1000
625
709
667
667
542
709
667
708
541
625
667
625
625
708
625
708
667
709
1750
667
542
667
666
708
625
666
667
625
542
667
792
750
625
708
750
500
709
750
791
708
625
708
791
833
500
708
667
750
667
709
667
709
625
500
666
666
708
750
708
666
625
3042
792
625
834
708
666
708
584
792
667
625
625
708
542
666
625
625
667
666
625
750
917
625
541
667
833
666
750
708
791
708
542
709
750
709
667
792
708
1750
625
709
667
667
583
666
750
625
583
667
667
625
666
958
584
792
583
625
583
666
708
666
625
708
625
667
709
792
625
666
666
666
708
708
625
833
625
667
583
750
542
708
583
709
667
750
667
667
667
750
792
667
667
750
625
708
625
625
792
709
708
750
750
708
625
708
750
708
667
708
667
667
584
750
667
750
750
709
792
666
583
9375
959
833
1917
792
750
708
666
625
708
791
542
667
667
792
750
791
708
667
625
750
625
625
667
625
750
833
667
709
708
750
667
667
625
791
667
708
666
708
625
834
833
709
708
708
708
667
625
1083
625
625
584
583
750
625
542
667
709
667
667
708
667
708
583
667
667
625
666
708
625
5458
584
708
666
666
666
750
667
709
667
667
709
2583
583
792
625
708
584
583
666
666
625
667
667
667
625
666
666
625
583
625
584
625
459
1000
750
750
834
667
583
750
667
750
750
750
750
750
708
625
666
625
667
833
708
584
750
750
583
750
667
667
750
584
625
709
625
709
708
750
708
667
667
459
583
750
708
708
667
708
625
750
583
750
750
667
709
750
708
709
667
708
708
1000
666
2000
667
625
584
750
750
667
584
708
666
708
625
750
750
708
625
583
791
625
625
666
750
708
625
667
625
666
666
750
584
708
750
583
708
584
750
750
709
667
709
667
709
667
625
792
1083
750
750
709
709
708
500
792
667
667
625
750
667
708
500
625
666
666
583
667
584
542
625
792
750
791
666
708
584
750
625
667
667
667
583
667
542
2042
667
667
875
625
625
750
625
709
667
625
708
709
708
667
708
666
583
709
708
666
666
625
625
625
541
666
750
542
625
625
917
750
625
708
666
666
666
708
750
750
625
791
583
750
625
667
667
625
541
666
625
750
666
750
625
625
666
625
583
666
666
666
666
625
625
667
875
708
625
625
583
666
625
750
625
750
625
625
666
708
542
1875
750
667
625
750
625
625
667
708
666
583
1000
708
708
875
500
709
667
708
708
625
625
583
542
625
667
709
625
666
541
666
500
750
750
708
708
750
541
666
667
750
708
625
708
833
709
792
625
708
666
708
709
708
625
667
667
750
667
708
1792
708
708
667
875
667
750
625
750
667
708
750
625
667
709
625
625
1875
667
709
625
834
583
708
584
667
542
667
833
667
625
750
625
667
875
666
583
709
458
791
625
792
666
708
625
667
667
500
666
750
750
625
625
708
625
666
541
750
708
708
667
666
583
584
583
708
667
667
375
666
708
750
583
750
625
583
625
625
625
708
584
667
708
666
583
709
708
583
667
750
708
666
583
667
667
667
500
708
625
1750
583
709
625
709
625
625
666
708
542
750
625
583
666
667
667
667
667
708
625
1000
667
709
500
709
583
666
666
667
625
709
875
667
584
709
625
709
625
666
666
666
625
667
584
667
625
666
666
666
625
667
584
667
667
708
583
625
667
750
667
458
666
667
667
667
584
667
708
750
584
708
666
666
666
666
708
667
584
625
709
625
625
1958
709
667
625
667
625
625
583
666
625
708
625
750
708
667
667
667
708
625
708
708
708
584
667
625
625
750
583
750
750
709
625
625
666
625
583
625
667
750
583
584
542
667
542
667
542
584
583
625
708
792
917
792
708
1000
625
750
750
750
708
709
667
708
708
750
708
709
583
833
667
709
708
708
667
792
584
625
750
708
625
792
709
1959
625
750
666
708
709
708
583
708
542
708
708
584
500
792
750
625
750
792
708
750
709
625
750
667
750
584
750
667
625
625
667
667
625
709
625
667
625
583
583
750
625
709
750
750
666
541
750
667
584
667
625
625
584
833
542
708
500
709
667
667
500
792
500
708
709
625
709
625
667
709
625
875
625
667
667
625
708
625
708
667
667
1875
625
667
667
667
875
1000
15958
2875
2792
2291
1792
2709
2709
2708
2000
2583
2167
2083
1958
2458
2375
2459
2042
2208
2333
87417
1333
1375
1041
1333
916
875
833
1000
667
833
750
834
917
625
958
958
709
958
875
833
750
750
667
834
1000
750
750
708
709
625
916
791
541
791
750
750
625
792
708
708
334
708
750
708
583
583
791
791
542
792
792
708
833
750
458
2875
666
708
750
792
584
667
667
708
1667
750
708
750
750
750
667
625
583
625
541
666
541
667
667
625
750
750
792
708
666
791
750
834
875
750
666
666
625
1334
667
542
625
792
709
667
583
667
542
709
584
667
833
667
625
666
583
584
625
709
750
792
584
708
750
708
625
750
625
750
708
667
709
875
584
500
625
791
583
709
3583
666
708
2041
708
667
542
833
667
750
583
541
791
750
667
750
750
750
667
667
708
666
708
791
666
625
583
500
708
792
917
750
500
667
4750
625
625
709
667
541
625
792
583
666
750
708
666
791
625
708
625
709
542
708
625
666
625
750
584
625
750
750
625
750
708
667
584
583
750
625
667
666
666
458
625
958
667
667
709
917
667
709
458
750
625
2041
666
625
625
584
792
667
667
708
541
666
583
625
583
666
666
708
750
667
666
750
542
708
666
791
583
667
625
625
625
708
709
625
583
583
708
500
625
625
667
709
583
666
666
666
541
958
667
500
583
4083
709
708
541
708
625
708
750
625
750
750
625
750
625
667
666
625
625
750
583
417
667
709
583
625
667
625
583
583
584
833
625
1834
625
667
542
708
750
750
417
709
667
667
625
625
708
667
584
584
625
709
583
708
667
709
667
958
625
667
583
666
625
667
542
708
667
875
542
708
667
667
583
625
625
666
583
750
667
625
625
625
583
708
500
625
667
625
541
708
584
667
667
625
709
833
625
708
583
750
500
667
792
667
1000
750
541
833
667
708
667
917
708
541
2041
583
584
750
750
750
792
625
708
1042
708
708
667
667
667
750
792
792
542
792
625
625
625
708
666
625
625
667
834
625
709
875
666
666
583
667
750
667
708
666
875
667
750
750
625
958
709
625
666
708
541
791
625
750
667
750
625
708
958
875
625
667
708
625
625
750
583
625
667
583
708
750
583
709
542
667
667
667
583
666
666
708
1917
834
708
708
625
666
1000
625
375
750
708
625
584
875
666
666
583
625
708
750
625
709
625
667
625
625
750
625
625
709
583
666
625
750
625
541
708
667
584
833
750
708
667
709
667
834
417
708
416
666
833
667
667
750
834
625
625
708
625
708
666
708
708
625
458
708
959
667
625
625
708
625
625
625
750
583
667
666
666
625
500
708
1917
792
708
750
666
666
666
750
667
750
916
583
625
667
542
708
583
750
583
750
666
708
584
708
666
583
667
667
709
667
583
583
625
791
833
750
625
708
750
750
666
583
625
750
667
709
583
750
709
750
625
750
708
666
708
625
625
625
584
667
584
917
583
666
666
625
625
750
542
625
792
667
709
708
583
708
667
667
583
750
708
708
2042
667
709
708
625
708
750
750
791
750
667
542
584
625
750
666
625
625
709
708
583
792
709
7209
708
708
625
708
625
750
417
708
625
708
625
583
625
667
667
750
834
708
666
666
1000
667
708
791
500
708
708
500
583
709
667
375
667
833
1000
667
584
625
709
708
667
625
750
750
708
708
584
750
750
583
750
666
500
750
584
958
667
750
2084
667
542
708
583
666
541
791
708
667
625
667
750
750
625
792
583
625
708
666
667
667
583
583
667
750
542
750
708
625
666
750
625
667
625
708
666
750
583
666
875
625
584
709
833
791
625
625
666
666
666
666
666
666
625
625
625
625
583
666
666
541
750
667
709
708
542
666
583
667
625
666
708
792
625
750
625
708
959
708
625
833
1750
625
750
875
708
708
708
625
625
709
667
667
667
708
625
625
625
667
667
667
625
709
4250
625
708
708
667
750
625
708
541
750
625
667
667
708
667
625
625
584
667
708
666
666
583
709
583
625
667
708
625
708
500
667
667
667
625
667
625
625
708
750
625
666
583
625
625
792
667
625
666
666
625
500
542
667
500
9250
667
750
709
708
1083
709
667
666
666
625
583
708
750
792
750
709
750
625
667
750
750
750
709
750
458
1084
625
750
708
625
750
667
792
750
667
1000
583
709
500
625
750
708
541
708
709
875
708
750
708
750
750
750
667
750
708
625
708
708
584
750
667
667
791
750
625
667
667
667
666
708
625
750
708
709
625
2166
875
750
708
709
667
750
667
750
791
750
625
708
750
666
666
541
625
792
750
709
750
667
625
666
583
834
625
750
709
750
625
541
708
667
625
666
667
792
625
625
750
625
667
750
625
666
542
792
750
708
667
709
708
666
625
917
750
750
625
625
667
708
625
667
667
666
708
750
750
708
500
750
667
709
875
708
708
709
500
750
666
1958
667
584
667
667
667
709
667
583
750
542
667
625
458
625
666
666
666
666
708
666
583
709
667
750
584
792
709
667
584
667
667
708
625
667
709
625
750
667
667
709
583
625
625
708
542
625
708
709
667
750
667
708
792
709
667
625
625
667
667
625
500
667
750
667
667
708
666
666
541
708
709
667
542
708
625
875
584
625
709
625
709
4083
666
708
708
667
709
750
625
583
666
625
667
625
584
709
583
666
625
917
625
792
667
708
583
750
583
666
500
1083
750
750
709
667
750
959
625
750
750
791
625
708
833
750
375
709
792
792
625
750
625
792
625
667
667
917
834
667
667
750
583
792
666
750
709
708
708
750
625
708
833
875
666
667
667
750
334
667
667
667
667
667
625
2000
625
667
625
708
667
666
708
625
583
750
666
875
667
750
875
708
625
666
666
708
584
666
708
625
625
750
666
667
667
709
417
667
667
708
709
708
667
709
625
666
583
1042
667
709
708
667
625
625
625
708
708
792
625
625
667
584
15000
3833
2583
60125
958
1916
625
833
625
708
791
708
625
625
708
625
625
750
750
750
708
750
709
750
583
2542
750
625
667
792
667
834
625
667
709
708
625
667
750
583
625
666
750
750
583
625
625
541
750
750
625
875
542
708
708
708
459
792
750
542
625
958
708
625
625
417
625
750
708
667
625
666
583
709
625
709
542
709
667
667
541
791
708
625
666
666
666
708
708
750
667
667
542
667
667
625
667
709
708
666
708
625
708
625
625
708
667
1792
583
666
750
959
542
750
625
667
625
750
666
625
583
708
875
666
583
666
583
625
625
625
750
416
708
709
708
666
583
709
792
708
625
625
708
625
541
708
834
792
667
875
667
791
625
750
625
792
667
709
542
542
583
750
667
625
958
750
708
583
709
750
875
791
666
666
666
666
541
875
750
709
750
667
667
792
750
667
750
792
750
2042
667
708
625
708
583
750
708
708
709
708
583
625
667
667
625
709
708
625
583
750
792
750
625
666
541
750
625
750
583
792
750
708
667
709
667
708
750
750
625
791
708
709
625
708
667
709
625
833
916
625
625
584
750
666
666
750
625
541
5208
750
666
792
667
917
625
708
667
750
625
750
667
709
667
667
625
667
1042
666
625
750
625
2167
542
750
709
750
584
708
750
792
542
792
875
792
625
708
625
708
583
500
708
667
542
625
666
666
625
625
667
584
583
709
667
667
583
791
666
708
709
708
666
625
667
667
667
708
625
708
708
625
583
584
625
709
708
708
542
625
625
708
667
667
667
625
667
667
417
667
667
625
583
667
584
708
583
750
625
625
542
625
750
709
583
1916
916
708
750
666
625
583
583
625
667
667
708
666
708
667
584
667
875
584
708
750
709
708
625
667
750
667
667
709
750
709
625
666
625
750
583
625
666
625
667
542
708
666
583
625
666
708
708
750
791
750
667
792
667
750
625
791
625
750
625
667
750
750
417
709
708
666
625
667
667
14042
3125
2250
20208
3375
14583
2583
2167
2625
1834
1834
48834
1417
1250
1250
959
1083
541
791
1083
750
709
834
833
875
667
667
833
792
792
708
708
750
625
625
791
750
792
709
750
584
667
834
708
750
667
750
2000
709
708
958
709
875
792
708
709
625
584
875
750
666
625
708
833
791
625
500
625
667
625
584
792
792
625
791
833
709
667
667
667
667
584
708
625
667
750
625
709
584
667
708
916
791
3125
875
584
667
667
750
708
667
542
666
583
666
541
833
667
584
708
833
4542
792
667
750
708
708
542
667
542
750
709
708
750
667
667
667
584
750
542
3209
625
667
625
625
708
625
583
708
667
625
708
708
709
708
750
625
584
625
584
958
625
667
583
666
625
708
625
708
708
625
625
667
834
667
625
625
709
583
625
667
583
750
709
750
1917
625
625
667
708
625
750
625
625
708
625
708
833
667
625
625
583
791
541
708
708
625
625
583
667
667
3708
2041
2792
2791
2000
2959
2584
2667
2708
2208
2084
2500
2375
2084
2166
1917
2000
1750
2250
2000
1583
2167
1875
2500
1709
1833
26791
1292
1250
1167
833
1000
833
750
958
708
750
1041
750
792
1208
958
791
875
709
1167
1000
625
833
1916
791
708
708
667
667
500
2916
750
792
750
667
792
833
1166
666
750
958
791
791
875
583
791
666
583
959
667
709
1000
667
1167
584
625
709
792
709
750
500
708
666
625
667
708
791
13000
14458
791
750
875
1000
833
708
709
792
667
708
625
875
750
792
708
833
625
583
1000
791
750
667
667
708
708
709
667
708
833
708
750
708
667
667
750
750
708
666
791
750
708
625
792
2708
750
667
667
625
709
708
958
750
917
875
500
666
1666
708
667
667
667
542
791
666
708
625
708
667
792
417
792
792
792
750
958
708
709
708
750
916
792
417
1083
708
708
625
750
667
792
583
708
667
625
666
750
625
708
417
750
791
708
1000
750
708
708
500
708
375
667
667
667
625
666
583
750
666
708
667
625
708
667
500
750
667
667
2083
708
791
666
666
791
666
833
709
750
709
625
667
750
625
708
583
875
667
625
625
666
666
833
584
625
709
667
583
625
667
959
667
667
625
666
541
625
625
625
625
667
667
625
542
667
584
667
792
708
583
625
666
625
708
667
625
709
625
708
625
625
708
625
1042
708
708
584
625
792
875
833
750
791
625
834
667
917
708
750
625
667
3542
792
625
1166
791
666
625
750
709
792
875
750
1083
750
708
708
541
750
541
708
667
792
666
833
667
709
458
791
500
917
750
1000
709
542
583
583
666
666
916
667
625
959
542
667
625
917
667
666
875
583
625
958
666
708
625
750
625
667
625
708
917
667
625
667
625
1083
625
666
708
625
833
625
750
709
583
708
667
709
500
667
834
625
2250
833
959
542
625
917
1000
666
333
667
750
750
625
792
667
791
583
834
667
625
625
625
667
708
625
583
583
625
666
625
1000
834
542
667
750
1209
417
667
708
667
583
750
708
833
625
1083
625
708
625
667
667
667
625
667
625
625
708
667
625
709
583
916
750
500
709
708
916
666
625
542
834
625
625
625
625
750
458
750
750
834
583
958
2375
667
583
625
1250
875
708
500
625
667
541
708
625
458
583
750
708
709
708
1083
500
667
542
708
916
833
709
1709
875
625
541
708
791
625
625
1000
583
709
542
833
625
625
584
625
833
1167
584
708
833
1875
833
958
666
791
583
708
1000
583
792
667
583
666
916
708
834
875
666
583
584
792
500
667
625
916
625
625
625
916
583
750
708
10250
2666
1000
709
833
750
750
667
1041
667
709
1500
875
541
666
791
708
709
708
625
750
541
666
1041
1000
583
708
708
792
750
958
625
750
667
2334
917
667
667
667
625
791
583
1084
708
875
792
708
750
792
667
834
667
917
583
1125
708
750
500
667
1167
500
542
834
583
750
667
1125
666
708
708
667
792
750
667
708
583
1084
625
834
667
708